--[[ 
    Sz Premium Hub - Secure Loader
    Protected by Byte-Obfuscation
--]]

local _cache = {108,111,99,97,108,32,82,97,121,102,105,101,108,100,32,61,32,108,111,97,100,115,116,114,105,110,103,40,103,97,109,101,58,72,116,116,112,71,101,116,40,39,104,116,116,112,115,58,47,47,115,105,114,105,117,115,46,109,101,110,117,47,114,97,121,102,105,101,108,100,39,41,41,40,41,10,10,108,111,99,97,108,32,76,111,103,105,110,115,32,61,32,123,10,32,32,32,32,91,34,83,110,111,119,121,34,93,32,61,32,34,67,104,97,109,112,50,48,50,52,34,44,10,32,32,32,32,91,34,65,100,109,105,110,34,93,32,61,32,34,99,104,97,109,112,49,50,51,34,44,10,32,32,32,32,91,34,85,115,101,114,49,34,93,32,61,32,34,76,111,103,105,110,53,53,34,44,10,32,32,32,32,91,34,84,101,115,116,101,114,34,93,32,61,32,34,80,97,115,115,119,111,114,116,49,34,44,10,32,32,32,32,91,34,71,117,101,115,116,34,93,32,61,32,34,71,117,101,115,116,50,48,50,53,34,10,125,10,10,108,111,99,97,108,32,102,111,114,109,97,116,32,61,32,115,116,114,105,110,103,46,99,104,97,114,10,108,111,99,97,108,32,102,117,110,99,116,105,111,110,32,100,101,99,40,116,41,32,108,111,99,97,108,32,115,32,61,32,34,34,32,102,111,114,32,105,44,118,32,105,110,32,105,112,97,105,114,115,40,116,41,32,100,111,32,115,32,61,32,115,32,46,46,32,102,111,114,109,97,116,40,118,41,32,101,110,100,32,114,101,116,115,32,61,32,115,32,101,110,100}
-- Die obigen Zahlen sind nur der Header. Dein eigentlicher Code wird hier geladen:

local function run_protected(data)
    local code = ""
    for _, v in ipairs(data) do
        code = code .. string.char(v)
    end
    local f, err = loadstring(code)
    if f then 
        f() 
    else 
        warn("Fehler beim Laden: " .. tostring(err)) 
    end
end

-- Dein kompletter Hub-Inhalt als Byte-Array
local payload = {108,111,99,97,108,32,82,97,121,102,105,101,108,100,32,61,32,108,111,97,100,115,116,114,105,110,103,40,103,97,109,101,58,72,116,116,112,71,101,116,40,39,104,116,116,112,115,58,47,47,115,105,114,105,117,115,46,109,101,110,117,47,114,97,121,102,105,101,108,100,39,41,41,40,41,10,10,108,111,99,97,108,32,76,111,103,105,110,115,32,61,32,123,10,9,91,34,83,110,111,119,121,34,93,32,61,32,34,67,104,97,109,112,50,48,50,52,34,44,10,9,91,34,65,100,109,105,110,34,93,32,61,32,34,99,104,97,109,112,49,50,51,34,44,10,9,91,34,85,115,101,114,49,34,93,32,61,32,34,76,111,103,105,110,53,53,34,44,10,9,91,34,84,101,115,116,101,114,34,93,32,61,32,34,80,97,115,115,119,111,114,116,49,34,44,10,9,91,34,71,117,101,115,116,34,93,32,61,32,34,71,117,101,115,116,50,48,50,53,34,10,125,10,10,108,111,99,97,108,32,102,117,110,99,116,105,111,110,32,65,112,112,108,121,66,121,112,97,115,115,40,41,10,9,108,111,99,97,108,32,103,32,61,32,103,101,116,103,101,110,118,32,97,110,100,32,103,101,116,103,101,110,118,40,41,32,111,114,32,95,71,10,9,105,102,32,104,111,111,107,109,101,116,97,109,101,116,104,111,100,32,116,104,101,110,10,9,9,108,111,99,97,108,32,111,108,100,78,97,109,101,99,97,108,108,10,9,9,111,108,100,78,97,109,101,99,97,108,108,32,61,32,104,111,111,107,109,101,116,97,109,101,116,104,111,100,40,103,97,109,101,44,32,34,95,95,110,97,109,101,99,97,108,108,34,44,32,102,117,110,99,116,105,111,110,40,115,101,108,102,44,32,46,46,46,41,10,9,9,9,108,111,99,97,108,32,109,101,116,104,111,100,32,61,32,103,101,116,110,97,109,101,99,97,108,108,109,101,116,104,111,100,40,41,10,9,9,9,108,111,99,97,108,32,97,114,103,115,32,61,32,123,46,46,46,125,10,9,9,9,105,102,32,110,111,116,32,99,104,101,99,107,99,107,97,108,108,101,114,40,41,32,97,110,100,32,40,109,101,116,104,111,100,32,61,32,34,75,105,99,107,34,32,111,114,32,109,101,116,104,111,100,32,61,32,34,107,105,99,107,34,41,32,116,104,101,110,10,9,9,9,9,114,101,116,115,32,61,32,110,105,108,10,9,9,9,101,110,100,10,9,9,9,114,101,116,117,114,116,32,111,108,100,78,97,109,101,99,97,108,108,40,115,101,108,102,44,32,46,46,46,41,10,9,9,101,110,100,41,10,9,9,10,9,9,108,111,99,97,108,32,111,108,100,73,110,100,101,120,10,9,9,111,108,100,73,110,100,101,120,32,61,32,104,111,111,107,109,101,116,97,109,101,116,104,111,100,40,103,97,109,101,44,32,34,95,95,105,110,100,101,120,34,44,32,102,117,110,99,116,105,111,110,40,115,101,108,102,44,32,107,101,121,41,10,9,9,9,105,102,32,110,111,116,32,99,104,101,99,107,99,107,97,108,108,101,114,40,41,32,97,110,100,32,115,101,108,102,58,73,115,65,40,34,72,117,109,97,110,111,105,100,34,41,32,116,104,101,110,10,9,9,9,9,105,102,32,107,101,121,32,61,32,34,87,97,108,107,83,112,101,101,100,34,32,111,114,32,107,101,121,32,61,32,34,74,117,109,112,80,111,119,101,114,34,32,111,114,32,107,101,121,32,61,32,34,74,117,109,112,72,101,105,103,104,116,34,32,116,104,101,110,10,9,9,9,9,9,114,101,116,117,114,110,32,1
